2016;04;01;12200;0.193;26.92;
2016;04;01;15300;2.000;7.48;
2016;04;01;15400;1.000;7.99;
2016;04;01;15300;2.000;7.33;
2016;04;01;15500;1.000;14.93;
2016;04;01;12800;0.690;9.71;
2016;04;01;12400;0.680;16.31;
2016;04;01;12700;0.841;4.56;
2016;04;01;12500;0.065;25.27;
2016;04;01;15600;7.000;9.79;
2016;04;01;15800;2.000;5.07;
2016;04;01;15400;5.000;7.99;
2016;04;01;15400;4.000;7.99;
2016;04;01;15300;4.000;7.33;
2016;04;01;15700;5.000;7.97;
2016;04;01;15700;1.000;8.53;
2016;04;01;15700;6.000;7.97;
2016;04;01;15700;9.000;7.97;
2016;04;01;15800;10.000;5.07;
2016;04;01;15200;7.000;66.94;
2016;04;01;12400;0.064;16.31;
2016;04;01;12700;0.226;4.56;
2016;04;01;12500;0.638;24.01;
2016;04;01;12800;0.143;10.09;
2016;04;01;15500;7.000;14.93;
2016;04;01;15600;1.000;9.79;
2016;04;01;15500;3.000;14.93;
2016;04;01;12300;0.926;18.92;
2016;04;01;12800;0.301;9.71;
2016;04;01;12500;0.018;25.27;
2016;04;01;15500;1.000;14.93;
2016;04;01;15100;2.000;7.55;
2016;04;01;12300;0.394;19.71;
2016;04;01;12400;0.777;16.31;
2016;04;01;15600;10.000;9.79;
2016;04;01;12800;0.309;10.48;
2016;04;01;12500;0.373;25.27;
2016;04;01;12800;0.478;9.71;
2016;04;01;15300;10.000;7.33;
2016;04;01;12800;0.401;9.51;
2016;04;02;15500;5.000;14.93;
2016;04;02;12500;0.639;26.79;
2016;04;02;15800;5.000;5.07;
2016;04;02;15700;1.000;7.97;
2016;04;02;15200;4.000;62.26;
2016;04;02;12300;0.551;19.71;
2016;04;02;12700;0.538;4.56;
2016;04;02;15600;1.000;9.79;
2016;04;02;15300;9.000;7.70;
2016;04;02;15500;4.000;14.93;
2016;04;02;15600;2.000;9.79;
2016;04;02;15800;3.000;5.07;
2016;04;02;15500;8.000;14.93;
2016;04;02;12400;0.877;15.82;
2016;04;02;12500;0.207;23.25;
2016;04;02;12300;0.708;19.71;
2016;04;02;15200;4.000;66.94;
2016;04;02;12300;0.679;20.10;
2016;04;02;12500;0.550;25.27;
2016;04;02;12600;0.990;37.76;
2016;04;02;12800;0.280;9.71;
2016;04;02;12500;0.070;25.27;
2016;04;02;12300;0.423;19.71;
2016;04;02;15300;10.000;6.89;
2016;04;02;12600;0.142;37.76;
2016;04;02;15100;4.000;7.55;
2016;04;02;15300;4.000;7.33;
2016;04;02;15800;3.000;5.07;
2016;04;02;12600;0.618;37.76;
2016;04;02;15500;8.000;14.18;
2016;04;02;15600;1.000;9.79;
2016;04;02;12800;0.610;9.90;
2016;04;02;12700;0.766;4.56;
2016;04;02;15800;10.000;5.07;
2016;04;02;12600;0.703;40.02;
2016;04;02;15700;10.000;8.37;
2016;04;02;12800;0.473;9.71;
2016;04;02;15500;7.000;14.93;
2016;04;02;15300;4.000;7.33;
2016;04;02;15600;1.000;9.20;
2016;04;03;12100;0.734;3.19;
2016;04;03;15400;8.000;7.99;
2016;04;03;15800;5.000;5.43;
2016;04;03;15500;1.000;14.93;
2016;04;03;12300;0.747;19.71;
2016;04;03;12200;0.331;26.92;
2016;04;03;12500;0.361;25.27;
2016;04;03;15700;2.000;7.97;
2016;04;03;12400;0.638;16.31;
2016;04;03;15600;10.000;9.79;
2016;04;03;12600;0.095;37.76;
2016;04;03;15600;8.000;9.79;
2016;04;03;12100;0.136;3.19;
2016;04;03;15800;3.000;5.07;
2016;04;03;15700;10.000;7.97;
2016;04;03;12400;0.214;17.13;
2016;04;03;12500;0.291;25.27;
2016;04;03;12600;0.650;38.89;
2016;04;03;12500;0.727;25.27;
2016;04;03;15200;8.000;62.93;
2016;04;03;12200;0.827;26.92;
2016;04;03;15800;10.000;5.07;
2016;04;03;15700;1.000;7.97;
2016;04;03;12600;0.095;37.76;
2016;04;03;12300;0.576;19.71;
2016;04;03;12600;0.496;39.65;
2016;04;03;15600;10.000;9.79;
2016;04;03;15100;4.000;7.55;
2016;04;03;12800;0.106;9.71;
2016;04;03;15100;9.000;7.55;
2016;04;03;12500;0.202;25.27;
2016;04;03;12800;0.446;9.71;
2016;04;03;15300;1.000;7.33;
2016;04;03;12800;0.324;9.71;
2016;04;03;15600;3.000;10.28;
2016;04;03;12300;0.214;19.71;
2016;04;03;15800;9.000;5.07;
2016;04;03;15200;3.000;66.94;
2016;04;03;12400;0.646;16.31;
2016;04;03;12700;0.891;4.56;
2016;04;04;15800;8.000;4.67;
2016;04;04;15300;2.000;7.33;
2016;04;04;15800;2.000;5.07;
2016;04;04;12200;0.961;26.65;
2016;04;04;15200;10.000;66.94;
2016;04;04;12200;0.585;26.92;
2016;04;04;12200;0.505;28.00;
2016;04;04;12100;0.874;3.19;
2016;04;04;12100;0.808;3.45;
2016;04;04;15700;10.000;7.97;
2016;04;04;12400;0.499;15.33;
2016;04;04;15200;5.000;66.94;
2016;04;04;12400;0.941;16.47;
2016;04;04;12300;0.497;19.71;
2016;04;04;12200;0.442;26.92;
2016;04;04;12400;0.441;17.13;
2016;04;04;15600;2.000;9.30;
2016;04;04;12700;0.035;4.56;
2016;04;04;15200;10.000;66.94;
2016;04;04;12400;0.861;16.80;
2016;04;04;12100;0.809;3.19;
2016;04;04;15400;8.000;7.99;
2016;04;04;15600;10.000;9.50;
2016;04;04;12100;0.032;3.19;
2016;04;04;15400;8.000;7.99;
2016;04;04;15300;7.000;7.33;
2016;04;04;15100;8.000;7.55;
2016;04;04;15600;5.000;9.69;
2016;04;04;12800;0.623;9.71;
2016;04;04;15100;4.000;7.55;
2016;04;04;15300;2.000;7.33;
2016;04;04;12600;0.964;37.76;
2016;04;04;12500;0.134;25.27;
2016;04;04;12700;0.203;4.56;
2016;04;04;15800;6.000;5.07;
2016;04;04;12800;0.968;9.71;
2016;04;04;12300;0.088;19.71;
2016;04;04;12100;0.502;3.13;
2016;04;04;15600;6.000;9.99;
2016;04;04;15500;3.000;14.93;
2016;04;05;15800;9.000;5.07;
2016;04;05;15100;6.000;7.55;
2016;04;05;12800;0.606;10.00;
2016;04;05;12600;0.999;38.51;
2016;04;05;12500;0.838;25.27;
2016;04;05;12200;0.438;26.92;
2016;04;05;15600;5.000;9.79;
2016;04;05;12200;0.320;26.92;
2016;04;05;15100;8.000;7.55;
2016;04;05;15600;10.000;9.79;
2016;04;05;12800;0.689;9.71;
2016;04;05;15300;1.000;6.82;
2016;04;05;12200;0.357;26.92;
2016;04;05;15400;5.000;7.99;
2016;04;05;12200;0.300;26.92;
2016;04;05;15800;2.000;5.07;
2016;04;05;12500;0.273;27.29;
2016;04;05;15500;2.000;14.93;
2016;04;05;15300;8.000;7.33;
2016;04;05;12300;0.093;19.71;
2016;04;05;15400;8.000;7.99;
2016;04;05;12500;0.815;25.27;
2016;04;05;12700;0.317;4.56;
2016;04;05;15500;10.000;14.03;
2016;04;05;12400;0.518;16.31;
2016;04;05;12100;0.151;3.19;
2016;04;05;12600;0.380;35.49;
2016;04;05;12600;0.480;37.76;
2016;04;05;12300;0.868;19.71;
2016;04;05;12500;0.456;25.27;
2016;04;05;12400;0.708;16.31;
2016;04;05;15700;6.000;7.97;
2016;04;05;12200;0.091;26.92;
2016;04;05;12600;0.092;37.76;
2016;04;05;12700;0.920;4.51;
2016;04;05;15600;2.000;9.79;
2016;04;05;12700;0.818;4.56;
2016;04;05;15700;1.000;7.97;
2016;04;05;12500;0.446;25.27;
2016;04;05;15300;1.000;7.33;
2016;04;06;15300;10.000;7.33;
2016;04;06;12200;0.919;26.92;
2016;04;06;12100;0.664;3.19;
2016;04;06;15400;10.000;7.99;
2016;04;06;12800;0.316;10.19;
2016;04;06;15500;9.000;13.73;
2016;04;06;15700;8.000;7.89;
2016;04;06;12500;0.214;25.27;
2016;04;06;15500;9.000;14.93;
2016;04;06;15600;10.000;10.57;
2016;04;06;12400;0.483;16.31;
2016;04;06;12700;0.614;4.56;
2016;04;06;12500;0.242;24.77;
2016;04;06;15800;5.000;5.07;
2016;04;06;12200;0.808;26.92;
2016;04;06;15200;4.000;66.94;
2016;04;06;12500;0.062;25.27;
2016;04;06;12800;0.669;9.61;
2016;04;06;12300;0.086;19.71;
2016;04;06;15600;10.000;9.79;
2016;04;06;15600;10.000;9.79;
2016;04;06;12200;0.958;26.92;
2016;04;06;12700;0.339;4.87;
2016;04;06;12500;0.682;25.27;
2016;04;06;15800;1.000;5.07;
2016;04;06;15500;4.000;14.93;
2016;04;06;12100;0.330;3.19;
2016;04;06;12300;0.425;19.71;
2016;04;06;12100;0.139;3.00;
2016;04;06;12500;0.471;25.02;
2016;04;06;12500;0.600;26.28;
2016;04;06;15400;7.000;8.07;
2016;04;06;15600;10.000;10.57;
2016;04;06;12400;0.245;17.62;
2016;04;06;15100;7.000;7.55;
2016;04;06;15500;10.000;14.93;
2016;04;06;15500;7.000;15.97;
2016;04;06;12600;0.442;40.02;
2016;04;06;12200;0.762;26.92;
2016;04;06;15200;4.000;66.94;
2016;04;07;15200;5.000;64.94;
2016;04;07;12200;0.616;25.03;
2016;04;07;12300;0.149;19.71;
2016;04;07;15700;8.000;8.21;
2016;04;07;12100;0.488;3.19;
2016;04;07;12100;0.489;3.19;
2016;04;07;15400;4.000;7.91;
2016;04;07;15200;5.000;66.94;
2016;04;07;12200;0.010;26.92;
2016;04;07;12400;0.538;16.31;
2016;04;07;15600;3.000;10.18;
2016;04;07;12200;0.074;26.92;
2016;04;07;12400;0.423;16.31;
2016;04;07;12300;0.820;20.10;
2016;04;07;15600;9.000;9.79;
2016;04;07;12400;0.909;17.13;
2016;04;07;15700;6.000;7.97;
2016;04;07;15300;3.000;7.33;
2016;04;07;15400;4.000;7.99;
2016;04;07;12600;0.856;37.00;
2016;04;07;12800;0.278;9.71;
2016;04;07;12700;0.579;4.56;
2016;04;07;12600;0.870;37.76;
2016;04;07;15500;9.000;14.93;
2016;04;07;15100;2.000;7.78;
2016;04;07;12100;0.147;3.19;
2016;04;07;12700;0.736;4.56;
2016;04;07;15700;1.000;7.97;
2016;04;07;15500;9.000;14.93;
2016;04;07;15400;3.000;7.35;
2016;04;07;15500;8.000;14.93;
2016;04;07;15200;9.000;66.94;
2016;04;07;12300;0.283;20.50;
2016;04;07;12200;0.012;26.65;
2016;04;07;15500;5.000;14.93;
2016;04;07;12400;0.574;16.31;
2016;04;07;15800;3.000;5.07;
2016;04;07;15300;7.000;7.33;
2016;04;07;12300;0.891;19.71;
2016;04;07;12500;0.392;23.50;
2016;04;08;15100;5.000;7.55;
2016;04;08;12700;0.912;4.56;
2016;04;08;15400;4.000;8.07;
2016;04;08;15300;8.000;7.33;
2016;04;08;15300;8.000;7.33;
2016;04;08;15100;9.000;7.55;
2016;04;08;12800;0.068;9.71;
2016;04;08;12500;0.523;25.27;
2016;04;08;12100;0.866;3.16;
2016;04;08;12500;0.899;24.51;
2016;04;08;15200;9.000;66.94;
2016;04;08;12300;0.464;19.71;
2016;04;08;15300;7.000;7.33;
2016;04;08;15700;7.000;7.97;
2016;04;08;15500;5.000;14.93;
2016;04;08;15300;3.000;7.26;
2016;04;08;12800;0.455;9.71;
2016;04;08;12600;0.057;37.76;
2016;04;08;15500;3.000;14.33;
2016;04;08;15100;1.000;7.55;
2016;04;08;15300;9.000;7.33;
2016;04;08;12400;0.251;15.17;
2016;04;08;15600;9.000;9.30;
2016;04;08;12800;0.087;9.71;
2016;04;08;12500;0.732;25.27;
2016;04;08;12700;0.112;4.56;
2016;04;08;15700;9.000;7.97;
2016;04;08;15100;4.000;7.55;
2016;04;08;15400;4.000;7.99;
2016;04;08;12800;0.923;9.71;
2016;04;08;12100;0.363;3.19;
2016;04;08;12800;0.631;8.93;
2016;04;08;15300;10.000;7.33;
2016;04;08;15500;1.000;15.97;
2016;04;08;12300;0.386;19.71;
2016;04;08;12600;0.642;40.02;
2016;04;08;12800;0.197;9.71;
2016;04;08;15100;9.000;7.55;
2016;04;08;15700;8.000;7.97;
2016;04;08;15700;3.000;8.61;
2016;04;09;12200;0.909;28.00;
2016;04;09;12500;0.283;25.27;
2016;04;09;15300;2.000;7.11;
2016;04;09;15600;5.000;9.79;
2016;04;09;15200;4.000;66.94;
2016;04;09;12700;0.141;4.56;
2016;04;09;15700;3.000;7.97;
2016;04;09;15300;6.000;7.33;
2016;04;09;12800;0.153;9.22;
2016;04;09;12700;0.763;4.56;
2016;04;09;12600;0.962;36.63;
2016;04;09;12600;0.868;37.76;
2016;04;09;12100;0.456;3.19;
2016;04;09;15700;4.000;7.97;
2016;04;09;12800;0.307;10.00;
2016;04;09;12400;0.702;15.17;
2016;04;09;12800;0.995;9.71;
2016;04;09;12500;0.210;23.76;
2016;04;09;15300;8.000;6.97;
2016;04;09;12100;0.188;3.19;
2016;04;09;15300;10.000;7.33;
2016;04;09;15500;4.000;14.93;
2016;04;09;15200;3.000;67.61;
2016;04;09;12700;0.990;4.83;
2016;04;09;15800;2.000;4.82;
2016;04;09;15300;6.000;7.33;
2016;04;09;15500;8.000;15.23;
2016;04;09;12600;0.012;37.76;
2016;04;09;12600;0.598;40.02;
2016;04;09;15500;7.000;14.93;
2016;04;09;15300;10.000;7.85;
2016;04;09;12600;0.254;37.76;
2016;04;09;15500;1.000;14.93;
2016;04;09;15800;2.000;5.07;
2016;04;09;15200;9.000;62.26;
2016;04;09;12300;0.103;19.71;
2016;04;09;12600;0.600;37.76;
2016;04;09;15800;9.000;4.72;
2016;04;09;12700;0.059;4.19;
2016;04;09;15400;5.000;7.99;
2016;04;10;15200;2.000;65.61;
2016;04;10;15600;7.000;9.79;
2016;04;10;15800;5.000;5.07;
2016;04;10;12300;0.869;19.71;
2016;04;10;15700;6.000;7.97;
2016;04;10;15500;6.000;15.67;
2016;04;10;12600;0.219;37.76;
2016;04;10;15200;10.000;67.61;
2016;04;10;12400;0.686;16.31;
2016;04;10;15100;4.000;7.55;
2016;04;10;12700;0.978;4.33;
2016;04;10;12300;0.573;19.71;
2016;04;10;12500;0.083;25.27;
2016;04;10;15600;8.000;9.59;
2016;04;10;12400;0.221;16.31;
2016;04;10;12100;0.732;3.19;
2016;04;10;12800;0.849;9.71;
2016;04;10;12300;0.465;20.10;
2016;04;10;15800;10.000;5.07;
2016;04;10;12300;0.403;19.71;
2016;04;10;12300;0.648;20.10;
2016;04;10;15500;6.000;15.38;
2016;04;10;12600;0.298;36.63;
2016;04;10;12700;0.534;4.33;
2016;04;10;12600;0.411;37.76;
2016;04;10;15500;4.000;14.93;
2016;04;10;15100;6.000;7.48;
2016;04;10;12700;0.827;4.28;
2016;04;10;15200;1.000;70.29;
2016;04;10;15400;3.000;8.23;
2016;04;10;12400;0.448;16.31;
2016;04;10;12700;0.511;4.56;
2016;04;10;12300;0.167;19.71;
2016;04;10;12800;0.468;9.71;
2016;04;10;15500;5.000;14.93;
2016;04;10;12200;0.354;26.92;
2016;04;10;15300;8.000;7.92;
2016;04;10;15800;10.000;5.18;
2016;04;10;12600;0.646;37.00;
2016;04;10;15100;3.000;7.93;
2016;04;11;15500;9.000;15.52;
2016;04;11;15800;2.000;5.07;
2016;04;11;15800;7.000;5.07;
2016;04;11;12700;0.607;4.56;
2016;04;11;12800;0.697;10.48;
2016;04;11;12700;0.224;4.65;
2016;04;11;15100;10.000;7.55;
2016;04;11;15500;8.000;14.93;
2016;04;11;15600;4.000;9.79;
2016;04;11;15400;4.000;7.99;
2016;04;11;12700;0.399;4.56;
2016;04;11;12600;0.558;40.40;
2016;04;11;12800;0.678;10.39;
2016;04;11;12500;0.897;25.27;
2016;04;11;12400;0.034;16.31;
2016;04;11;12100;0.828;3.26;
2016;04;11;12800;0.747;9.71;
2016;04;11;12700;0.676;4.56;
2016;04;11;12400;0.688;16.31;
2016;04;11;12500;0.254;25.27;
2016;04;11;15300;3.000;6.82;
2016;04;11;12600;0.016;37.76;
2016;04;11;15800;1.000;4.97;
2016;04;11;12300;0.193;19.71;
2016;04;11;12700;0.844;4.56;
2016;04;11;15800;4.000;5.07;
2016;04;11;12500;0.152;25.27;
2016;04;11;15800;4.000;5.07;
2016;04;11;12100;0.132;3.19;
2016;04;11;12600;0.324;37.76;
2016;04;11;15800;3.000;5.07;
2016;04;11;12600;0.961;37.76;
2016;04;11;12500;0.941;25.27;
2016;04;11;15700;10.000;8.13;
2016;04;11;12100;0.632;3.19;
2016;04;11;15500;5.000;14.93;
2016;04;11;15200;7.000;61.59;
2016;04;11;15400;8.000;7.91;
2016;04;11;15500;6.000;14.33;
2016;04;11;15100;4.000;7.55;
2016;04;12;12600;0.746;37.76;
2016;04;12;12600;0.212;35.11;
2016;04;12;12600;0.127;37.76;
2016;04;12;15800;2.000;5.18;
2016;04;12;15800;4.000;5.43;
2016;04;12;15500;6.000;14.93;
2016;04;12;12400;0.050;16.31;
2016;04;12;12300;0.431;18.53;
2016;04;12;12400;0.351;16.31;
2016;04;12;12200;0.911;26.92;
2016;04;12;12600;0.742;35.49;
2016;04;12;15600;5.000;9.20;
2016;04;12;12600;0.429;37.76;
2016;04;12;12500;0.740;26.03;
2016;04;12;12100;0.106;3.19;
2016;04;12;12200;0.994;26.92;
2016;04;12;15200;7.000;66.94;
2016;04;12;15600;1.000;9.79;
2016;04;12;12800;0.034;9.32;
2016;04;12;15100;5.000;7.03;
2016;04;12;12300;0.677;19.71;
2016;04;12;15400;8.000;7.35;
2016;04;12;15200;4.000;64.94;
2016;04;12;12800;0.171;9.90;
2016;04;12;15200;1.000;66.94;
2016;04;12;12100;0.691;3.19;
2016;04;12;15300;4.000;7.33;
2016;04;12;15400;5.000;7.99;
2016;04;12;15500;3.000;14.93;
2016;04;12;15400;9.000;7.51;
2016;04;12;12100;0.845;3.19;
2016;04;12;12200;0.438;26.92;
2016;04;12;15500;10.000;14.93;
2016;04;12;12200;0.583;26.92;
2016;04;12;12200;0.971;26.92;
2016;04;12;15100;8.000;7.55;
2016;04;12;12600;0.581;36.25;
2016;04;12;12700;0.375;4.56;
2016;04;12;15300;10.000;7.33;
2016;04;12;15100;6.000;7.55;
2016;04;13;12700;0.542;4.46;
2016;04;13;12300;0.357;19.71;
2016;04;13;15500;3.000;14.93;
2016;04;13;12400;0.727;15.66;
2016;04;13;12700;0.623;4.56;
2016;04;13;12400;0.367;16.31;
2016;04;13;12100;0.676;3.19;
2016;04;13;15800;10.000;5.02;
2016;04;13;12600;0.820;38.51;
2016;04;13;15600;10.000;9.99;
2016;04;13;12700;0.266;4.56;
2016;04;13;15700;9.000;7.97;
2016;04;13;12700;0.803;4.56;
2016;04;13;12800;0.505;10.19;
2016;04;13;12800;0.696;9.71;
2016;04;13;12700;0.823;4.56;
2016;04;13;15200;10.000;66.94;
2016;04;13;12500;0.458;25.27;
2016;04;13;15200;7.000;66.94;
2016;04;13;15500;4.000;14.93;
2016;04;13;12500;0.646;25.27;
2016;04;13;15200;3.000;63.60;
2016;04;13;12200;0.195;26.92;
2016;04;13;12500;0.056;25.78;
2016;04;13;15700;1.000;7.97;
2016;04;13;15600;4.000;9.79;
2016;04;13;12400;0.637;17.13;
2016;04;13;15500;1.000;14.93;
2016;04;13;12700;0.077;4.56;
2016;04;13;12300;0.213;18.72;
2016;04;13;15600;2.000;9.79;
2016;04;13;12200;0.322;28.53;
2016;04;13;12800;0.746;9.71;
2016;04;13;15600;3.000;9.50;
2016;04;13;15500;1.000;14.93;
2016;04;13;15200;4.000;66.94;
2016;04;13;12600;0.260;37.76;
2016;04;13;12400;0.698;16.31;
2016;04;13;12800;0.104;9.71;
2016;04;13;15300;9.000;7.33;
2016;04;14;12800;0.861;10.39;
2016;04;14;15100;2.000;7.55;
2016;04;14;12800;0.714;9.71;
2016;04;14;12700;0.873;4.56;
2016;04;14;15300;9.000;7.33;
2016;04;14;15800;5.000;5.07;
2016;04;14;12800;0.023;9.71;
2016;04;14;15300;6.000;7.33;
2016;04;14;15400;2.000;7.99;
2016;04;14;12400;0.952;15.01;
2016;04;14;15500;8.000;14.93;
2016;04;14;15800;3.000;5.07;
2016;04;14;12500;0.740;25.27;
2016;04;14;15300;7.000;7.33;
2016;04;14;12600;0.619;37.38;
2016;04;14;12700;0.697;4.56;
2016;04;14;12400;0.496;15.98;
2016;04;14;15200;10.000;66.94;
2016;04;14;12800;0.817;9.71;
2016;04;14;12300;0.714;19.71;
2016;04;14;12800;0.979;9.71;
2016;04;14;12100;0.916;3.19;
2016;04;14;12600;0.475;37.76;
2016;04;14;15600;6.000;9.30;
2016;04;14;12200;0.137;26.92;
2016;04;14;12700;0.089;4.33;
2016;04;14;15300;7.000;7.33;
2016;04;14;12400;0.908;16.64;
2016;04;14;12600;0.701;35.49;
2016;04;14;12700;0.541;4.56;
2016;04;14;15300;6.000;7.33;
2016;04;14;15500;8.000;15.52;
2016;04;14;12500;0.709;25.27;
2016;04;14;15300;9.000;7.33;
2016;04;14;12600;0.530;37.76;
2016;04;14;15300;1.000;7.33;
2016;04;14;12800;0.331;9.71;
2016;04;14;15500;7.000;14.93;
2016;04;14;15500;7.000;14.93;
2016;04;14;12600;0.634;37.76;
2016;04;15;15200;10.000;70.29;
2016;04;15;12400;0.373;17.62;
2016;04;15;12800;0.317;9.71;
2016;04;15;15600;9.000;9.79;
2016;04;15;12600;0.614;37.76;
2016;04;15;15600;10.000;9.30;
2016;04;15;12400;0.503;16.31;
2016;04;15;15400;6.000;7.99;
2016;04;15;12300;0.807;19.71;
2016;04;15;12100;0.987;2.94;
2016;04;15;12500;0.617;25.27;
2016;04;15;12300;0.965;20.10;
2016;04;15;15600;6.000;9.79;
2016;04;15;15500;9.000;14.93;
2016;04;15;15400;1.000;7.99;
2016;04;15;15100;5.000;7.55;
2016;04;15;12300;0.772;19.71;
2016;04;15;12300;0.111;20.89;
2016;04;15;15200;2.000;65.61;
2016;04;15;12600;0.781;37.76;
2016;04;15;15300;8.000;7.33;
2016;04;15;15300;2.000;7.26;
2016;04;15;15600;1.000;9.79;
2016;04;15;12200;0.070;24.76;
2016;04;15;12300;0.957;19.71;
2016;04;15;12800;0.109;9.03;
2016;04;15;15100;7.000;7.78;
2016;04;15;12700;0.836;4.42;
2016;04;15;12700;0.713;4.51;
2016;04;15;15800;7.000;5.07;
2016;04;15;15500;3.000;14.93;
2016;04;15;12700;0.688;4.56;
2016;04;15;15100;8.000;7.55;
2016;04;15;12300;0.471;19.71;
2016;04;15;15700;2.000;8.21;
2016;04;15;15200;9.000;66.28;
2016;04;15;12600;0.724;37.76;
2016;04;15;15100;3.000;7.55;
2016;04;15;12200;0.558;26.92;
2016;04;15;12100;0.430;3.19;
2016;04;16;15500;9.000;13.73;
2016;04;16;12600;0.774;37.76;
2016;04;16;15200;7.000;66.94;
2016;04;16;12500;0.473;25.27;
2016;04;16;12400;0.945;16.31;
2016;04;16;15800;10.000;5.07;
2016;04;16;12500;0.278;25.27;
2016;04;16;12800;0.336;9.71;
2016;04;16;12500;0.945;25.27;
2016;04;16;15100;3.000;7.55;
2016;04;16;15400;1.000;7.59;
2016;04;16;12800;0.449;9.71;
2016;04;16;12300;0.812;19.71;
2016;04;16;15500;1.000;14.93;
2016;04;16;12600;0.976;37.38;
2016;04;16;15200;1.000;66.94;
2016;04;16;15200;10.000;69.62;
2016;04;16;12200;0.067;26.92;
2016;04;16;15300;2.000;7.33;
2016;04;16;15700;4.000;7.97;
2016;04;16;12300;0.464;19.71;
2016;04;16;12400;0.889;16.31;
2016;04;16;12500;0.269;27.04;
2016;04;16;15600;4.000;9.79;
2016;04;16;15700;2.000;7.97;
2016;04;16;15400;7.000;7.99;
2016;04;16;15200;2.000;62.26;
2016;04;16;15100;4.000;7.55;
2016;04;16;15100;8.000;7.55;
2016;04;16;15400;3.000;7.99;
2016;04;16;12700;0.506;4.56;
2016;04;16;12100;0.021;3.19;
2016;04;16;15400;4.000;8.55;
2016;04;16;12600;0.692;37.76;
2016;04;16;12100;0.546;3.19;
2016;04;16;12500;0.541;25.02;
2016;04;16;15100;5.000;7.55;
2016;04;16;12400;0.167;17.13;
2016;04;16;15600;6.000;9.20;
2016;04;16;12800;0.725;9.51;
2016;04;17;15300;4.000;7.33;
2016;04;17;15400;5.000;7.99;
2016;04;17;12800;0.296;10.09;
2016;04;17;12500;0.839;25.27;
2016;04;17;15200;10.000;66.94;
2016;04;17;15500;10.000;14.93;
2016;04;17;12300;0.561;19.71;
2016;04;17;15800;7.000;5.07;
2016;04;17;12600;0.022;37.76;
2016;04;17;15700;2.000;8.53;
2016;04;17;15800;5.000;5.07;
2016;04;17;15200;2.000;66.94;
2016;04;17;15500;6.000;14.93;
2016;04;17;15800;6.000;5.07;
2016;04;17;12500;0.778;25.27;
2016;04;17;12400;0.517;16.15;
2016;04;17;12700;0.609;4.56;
2016;04;17;12800;0.147;9.71;
2016;04;17;12400;0.084;16.31;
2016;04;17;12300;0.761;18.72;
2016;04;17;15300;5.000;7.33;
2016;04;17;15600;1.000;9.79;
2016;04;17;15200;1.000;66.28;
2016;04;17;15100;8.000;7.55;
2016;04;17;12500;0.604;25.27;
2016;04;17;12600;0.443;40.78;
2016;04;17;12700;0.589;4.56;
2016;04;17;12100;0.410;3.29;
2016;04;17;15700;8.000;7.97;
2016;04;17;15600;7.000;9.79;
2016;04;17;12700;0.630;4.78;
2016;04;17;15600;2.000;9.79;
2016;04;17;15500;7.000;14.93;
2016;04;17;12700;0.917;4.74;
2016;04;17;15400;6.000;7.99;
2016;04;17;12500;0.589;24.77;
2016;04;17;15100;3.000;7.63;
2016;04;17;12100;0.554;3.19;
2016;04;17;15300;3.000;7.33;
2016;04;17;12400;0.596;15.01;
2016;04;18;12200;0.275;26.92;
2016;04;18;15400;5.000;7.99;
2016;04;18;12800;0.120;9.42;
2016;04;18;15600;3.000;9.79;
2016;04;18;15200;4.000;71.63;
2016;04;18;15100;7.000;7.55;
2016;04;18;15400;9.000;7.67;
2016;04;18;15700;8.000;7.97;
2016;04;18;15100;5.000;8.01;
2016;04;18;15100;2.000;7.55;
2016;04;18;15700;4.000;7.97;
2016;04;18;12500;0.858;26.54;
2016;04;18;15100;6.000;7.55;
2016;04;18;12800;0.591;9.71;
2016;04;18;12400;0.489;16.31;
2016;04;18;12200;0.785;26.92;
2016;04;18;15200;9.000;66.94;
2016;04;18;12800;0.049;10.09;
2016;04;18;12700;0.021;4.56;
2016;04;18;12200;0.860;26.92;
2016;04;18;12400;0.629;16.31;
2016;04;18;15700;6.000;7.97;
2016;04;18;15600;5.000;9.79;
2016;04;18;15200;5.000;66.94;
2016;04;18;12400;0.332;16.31;
2016;04;18;12200;0.302;26.92;
2016;04;18;12500;0.612;25.27;
2016;04;18;15100;10.000;6.95;
2016;04;18;15300;2.000;7.33;
2016;04;18;12300;0.494;19.71;
2016;04;18;12600;0.286;37.76;
2016;04;18;15100;1.000;7.55;
2016;04;18;15500;8.000;14.78;
2016;04;18;12200;0.127;26.92;
2016;04;18;15500;7.000;14.93;
2016;04;18;12700;0.323;4.74;
2016;04;18;12800;0.972;9.71;
2016;04;18;12200;0.940;26.92;
2016;04;18;12500;0.369;27.29;
2016;04;18;12600;0.760;37.76;
2016;04;19;15400;4.000;8.07;
2016;04;19;12700;0.544;4.92;
2016;04;19;12100;0.077;3.19;
2016;04;19;15700;4.000;7.97;
2016;04;19;12200;0.894;25.84;
2016;04;19;15300;2.000;7.33;
2016;04;19;12300;0.012;19.71;
2016;04;19;15700;2.000;7.97;
2016;04;19;12100;0.518;3.42;
2016;04;19;15600;9.000;9.79;
2016;04;19;15200;5.000;66.94;
2016;04;19;12600;0.480;37.76;
2016;04;19;15800;5.000;4.87;
2016;04;19;12600;0.562;37.00;
2016;04;19;12600;0.838;37.76;
2016;04;19;15700;9.000;7.97;
2016;04;19;12400;0.311;16.31;
2016;04;19;12500;0.813;25.78;
2016;04;19;15600;7.000;9.79;
2016;04;19;15600;8.000;9.79;
2016;04;19;12500;0.860;25.27;
2016;04;19;12100;0.035;3.19;
2016;04;19;15800;9.000;5.07;
2016;04;19;12800;0.757;9.03;
2016;04;19;15200;5.000;66.94;
2016;04;19;15500;8.000;14.93;
2016;04;19;15300;1.000;7.04;
2016;04;19;12300;0.260;19.71;
2016;04;19;15700;7.000;7.74;
2016;04;19;12700;0.711;4.78;
2016;04;19;15500;4.000;14.93;
2016;04;19;15200;6.000;68.95;
2016;04;19;12500;0.174;25.27;
2016;04;19;12100;0.631;3.19;
2016;04;19;15200;5.000;61.59;
2016;04;19;15200;10.000;66.94;
2016;04;19;12300;0.217;19.12;
2016;04;19;12300;0.919;21.09;
2016;04;19;12400;0.322;16.31;
2016;04;19;12100;0.968;3.19;
2016;04;20;15200;5.000;66.94;
2016;04;20;12500;0.411;25.27;
2016;04;20;15700;7.000;8.45;
2016;04;20;12600;0.052;37.76;
2016;04;20;12400;0.949;16.31;
2016;04;20;12700;0.128;4.69;
2016;04;20;15700;1.000;7.97;
2016;04;20;12300;0.024;19.51;
2016;04;20;12100;0.745;3.19;
2016;04;20;15200;1.000;66.94;
2016;04;20;15100;1.000;8.08;
2016;04;20;15500;7.000;14.93;
2016;04;20;15700;10.000;7.97;
2016;04;20;15500;6.000;14.93;
2016;04;20;15700;10.000;7.97;
2016;04;20;12500;0.806;25.27;
2016;04;20;15400;4.000;8.47;
2016;04;20;12300;0.633;19.71;
2016;04;20;15600;8.000;9.79;
2016;04;20;15700;4.000;7.97;
2016;04;20;15700;5.000;7.97;
2016;04;20;15800;3.000;5.07;
2016;04;20;12700;0.160;4.83;
2016;04;20;15200;5.000;66.94;
2016;04;20;12500;0.289;26.54;
2016;04;20;15700;8.000;8.37;
2016;04;20;12400;0.696;16.31;
2016;04;20;12500;0.763;25.27;
2016;04;20;12300;0.080;19.71;
2016;04;20;15300;5.000;7.33;
2016;04;20;12400;0.385;16.31;
2016;04;20;15300;5.000;7.33;
2016;04;20;15500;6.000;14.93;
2016;04;20;12200;0.522;27.46;
2016;04;20;12700;0.979;4.56;
2016;04;20;15400;10.000;7.99;
2016;04;20;12500;0.122;25.27;
2016;04;20;12700;0.868;4.56;
2016;04;20;12800;0.610;9.71;
2016;04;20;15600;4.000;10.08;
2016;04;21;15800;9.000;5.43;
2016;04;21;15100;10.000;7.10;
2016;04;21;12800;0.459;9.71;
2016;04;21;15200;8.000;66.94;
2016;04;21;15100;10.000;7.55;
2016;04;21;15300;7.000;7.33;
2016;04;21;12400;0.094;15.01;
2016;04;21;15600;4.000;9.79;
2016;04;21;12300;0.594;19.71;
2016;04;21;15700;8.000;8.45;
2016;04;21;12100;0.621;3.19;
2016;04;21;15700;9.000;7.97;
2016;04;21;12600;0.932;37.76;
2016;04;21;12400;0.472;15.17;
2016;04;21;12700;0.182;4.56;
2016;04;21;12600;0.534;37.76;
2016;04;21;15800;10.000;5.07;
2016;04;21;15200;8.000;72.30;
2016;04;21;15300;4.000;6.82;
2016;04;21;15800;7.000;5.07;
2016;04;21;15800;6.000;5.07;
2016;04;21;12200;0.294;26.38;
2016;04;21;12300;0.229;19.51;
2016;04;21;12700;0.815;4.56;
2016;04;21;12100;0.547;3.35;
2016;04;21;12300;0.856;18.92;
2016;04;21;12400;0.224;16.31;
2016;04;21;12300;0.085;19.71;
2016;04;21;12100;0.945;3.19;
2016;04;21;12400;0.648;16.31;
2016;04;21;15600;10.000;9.40;
2016;04;21;12500;0.560;24.51;
2016;04;21;12600;0.392;40.78;
2016;04;21;15800;6.000;5.07;
2016;04;21;12800;0.273;9.71;
2016;04;21;12300;0.567;19.71;
2016;04;21;12600;0.656;35.11;
2016;04;21;12400;0.822;17.29;
2016;04;21;12200;0.170;26.92;
2016;04;21;12400;0.023;16.31;
2016;04;22;15700;9.000;7.97;
2016;04;22;12700;0.526;4.56;
2016;04;22;15100;4.000;7.40;
2016;04;22;12700;0.699;4.87;
2016;04;22;15700;10.000;7.97;
2016;04;22;15600;5.000;9.50;
2016;04;22;12700;0.941;4.33;
2016;04;22;12500;0.451;25.27;
2016;04;22;12700;0.648;4.24;
2016;04;22;12500;0.131;25.27;
2016;04;22;12100;0.408;3.19;
2016;04;22;12400;0.524;16.31;
2016;04;22;12700;0.835;4.19;
2016;04;22;15300;6.000;7.33;
2016;04;22;15600;7.000;9.79;
2016;04;22;12600;0.373;37.76;
2016;04;22;15100;5.000;7.55;
2016;04;22;12600;0.141;37.76;
2016;04;22;12400;0.493;16.31;
2016;04;22;12100;0.778;3.45;
2016;04;22;15800;4.000;5.13;
2016;04;22;12300;0.120;19.71;
2016;04;22;12600;0.933;37.76;
2016;04;22;12100;0.035;2.97;
2016;04;22;15300;8.000;7.33;
2016;04;22;12500;0.503;25.27;
2016;04;22;12400;0.653;16.31;
2016;04;22;15300;9.000;7.33;
2016;04;22;12800;0.113;9.71;
2016;04;22;12700;0.941;4.56;
2016;04;22;15600;10.000;9.79;
2016;04;22;12600;0.758;37.00;
2016;04;22;12500;0.646;25.27;
2016;04;22;12600;0.481;37.76;
2016;04;22;12100;0.908;3.19;
2016;04;22;12400;0.313;16.31;
2016;04;22;12700;0.366;4.56;
2016;04;22;12400;0.080;17.45;
2016;04;22;12500;0.599;25.27;
2016;04;22;15100;8.000;7.55;
2016;04;23;15300;1.000;7.85;
2016;04;23;12600;0.766;36.63;
2016;04;23;15700;4.000;7.97;
2016;04;23;12800;0.697;9.71;
2016;04;23;12600;0.738;37.76;
2016;04;23;15600;7.000;9.30;
2016;04;23;15100;10.000;7.55;
2016;04;23;12600;0.889;37.76;
2016;04;23;15600;7.000;9.79;
2016;04;23;15500;10.000;14.93;
2016;04;23;15400;10.000;7.99;
2016;04;23;15200;6.000;66.94;
2016;04;23;15300;1.000;7.26;
2016;04;23;12100;0.368;3.42;
2016;04;23;12700;0.599;4.56;
2016;04;23;15600;2.000;9.79;
2016;04;23;15200;1.000;66.94;
2016;04;23;15700;7.000;7.97;
2016;04;23;12500;0.156;25.27;
2016;04;23;12100;0.078;3.19;
2016;04;23;12600;0.500;37.38;
2016;04;23;15700;4.000;7.97;
2016;04;23;12200;0.648;26.92;
2016;04;23;15100;2.000;7.55;
2016;04;23;15300;3.000;7.33;
2016;04;23;12800;0.703;9.71;
2016;04;23;12800;0.959;9.71;
2016;04;23;15400;3.000;7.99;
2016;04;23;12800;0.550;9.71;
2016;04;23;15500;2.000;14.93;
2016;04;23;15400;10.000;7.99;
2016;04;23;15800;8.000;5.07;
2016;04;23;15300;1.000;7.19;
2016;04;23;15800;7.000;4.77;
2016;04;23;15300;5.000;7.33;
2016;04;23;15600;5.000;9.79;
2016;04;23;15500;4.000;14.93;
2016;04;23;12500;0.550;25.27;
2016;04;23;15600;4.000;9.79;
2016;04;23;15100;3.000;7.55;
2016;04;24;12800;0.005;9.71;
2016;04;24;12200;0.414;28.00;
2016;04;24;12700;0.649;4.56;
2016;04;24;12700;0.150;4.56;
2016;04;24;15100;8.000;8.08;
2016;04;24;15100;1.000;7.71;
2016;04;24;15700;7.000;7.66;
2016;04;24;15700;4.000;7.42;
2016;04;24;15400;9.000;7.83;
2016;04;24;12100;0.130;3.19;
2016;04;24;12200;0.289;26.65;
2016;04;24;12700;0.693;4.56;
2016;04;24;15400;3.000;7.99;
2016;04;24;12200;0.537;26.92;
2016;04;24;12100;0.913;3.19;
2016;04;24;12800;0.664;9.71;
2016;04;24;15500;5.000;14.93;
2016;04;24;12600;0.655;38.51;
2016;04;24;12200;0.613;26.92;
2016;04;24;12200;0.298;26.92;
2016;04;24;15500;9.000;15.38;
2016;04;24;15200;8.000;66.94;
2016;04;24;15800;4.000;5.07;
2016;04;24;12800;0.081;9.71;
2016;04;24;15600;1.000;9.79;
2016;04;24;15700;8.000;7.97;
2016;04;24;15300;10.000;7.33;
2016;04;24;12700;0.544;4.56;
2016;04;24;15300;4.000;7.33;
2016;04;24;15100;10.000;7.55;
2016;04;24;12300;0.269;19.71;
2016;04;24;15300;8.000;7.33;
2016;04;24;12400;0.524;16.31;
2016;04;24;15400;2.000;7.99;
2016;04;24;15100;5.000;7.55;
2016;04;24;15300;3.000;7.33;
2016;04;24;12200;0.565;26.92;
2016;04;24;12200;0.267;26.92;
2016;04;24;15100;3.000;7.55;
2016;04;24;12100;0.310;3.29;
2016;04;25;15300;5.000;7.33;
2016;04;25;15400;3.000;7.83;
2016;04;25;12200;0.842;26.92;
2016;04;25;12500;0.296;25.27;
2016;04;25;15200;3.000;66.94;
2016;04;25;12100;0.797;3.19;
2016;04;25;12400;0.739;16.31;
2016;04;25;12200;0.723;26.92;
2016;04;25;12700;0.239;4.56;
2016;04;25;12100;0.077;3.19;
2016;04;25;15300;3.000;7.33;
2016;04;25;15200;6.000;66.94;
2016;04;25;12800;0.331;9.71;
2016;04;25;12500;0.234;25.27;
2016;04;25;15300;4.000;6.82;
2016;04;25;12100;0.414;3.03;
2016;04;25;12400;0.783;16.31;
2016;04;25;15500;2.000;13.88;
2016;04;25;12100;0.513;3.22;
2016;04;25;12800;0.011;9.71;
2016;04;25;12700;0.749;4.56;
2016;04;25;12500;0.932;25.27;
2016;04;25;12800;0.963;9.71;
2016;04;25;15800;9.000;4.97;
2016;04;25;15800;2.000;4.82;
2016;04;25;15200;5.000;70.96;
2016;04;25;15300;5.000;7.33;
2016;04;25;12300;0.547;19.71;
2016;04;25;12400;0.899;15.66;
2016;04;25;15400;3.000;7.99;
2016;04;25;12300;0.427;19.71;
2016;04;25;15600;10.000;9.30;
2016;04;25;12200;0.930;26.92;
2016;04;25;15600;3.000;9.79;
2016;04;25;15700;6.000;7.97;
2016;04;25;15300;6.000;7.33;
2016;04;25;12200;0.093;26.92;
2016;04;25;15700;2.000;7.97;
2016;04;25;15300;2.000;7.33;
2016;04;25;15100;10.000;8.16;
2016;04;26;12600;0.071;37.76;
2016;04;26;12100;0.078;3.16;
2016;04;26;15400;8.000;7.99;
2016;04;26;15700;8.000;7.97;
2016;04;26;15600;4.000;9.79;
2016;04;26;15300;8.000;7.33;
2016;04;26;15800;9.000;5.07;
2016;04;26;15100;6.000;7.55;
2016;04;26;12200;0.963;26.92;
2016;04;26;12200;0.838;26.92;
2016;04;26;15300;10.000;7.63;
2016;04;26;15700;2.000;8.05;
2016;04;26;15200;4.000;65.61;
2016;04;26;15100;2.000;7.33;
2016;04;26;12700;0.332;4.56;
2016;04;26;12200;0.859;26.92;
2016;04;26;12300;0.966;19.71;
2016;04;26;12300;0.062;19.71;
2016;04;26;12800;0.878;9.71;
2016;04;26;15400;10.000;7.91;
2016;04;26;15700;10.000;7.97;
2016;04;26;15400;4.000;7.35;
2016;04;26;15800;3.000;5.28;
2016;04;26;15200;10.000;66.94;
2016;04;26;12100;0.881;3.19;
2016;04;26;15700;10.000;7.97;
2016;04;26;15200;4.000;66.94;
2016;04;26;12500;0.544;24.77;
2016;04;26;12500;0.428;25.27;
2016;04;26;12600;0.475;37.76;
2016;04;26;15200;7.000;66.94;
2016;04;26;12200;0.458;28.80;
2016;04;26;15700;1.000;7.97;
2016;04;26;15600;5.000;9.79;
2016;04;26;15300;9.000;7.33;
2016;04;26;12200;0.891;26.92;
2016;04;26;15300;8.000;7.33;
2016;04;26;12200;0.056;26.92;
2016;04;26;15600;9.000;9.01;
2016;04;26;15300;1.000;7.33;
2016;04;27;12400;0.237;16.31;
2016;04;27;15500;7.000;14.93;
2016;04;27;12800;0.460;9.71;
2016;04;27;12500;0.924;24.51;
2016;04;27;15500;1.000;14.93;
2016;04;27;12700;0.146;4.56;
2016;04;27;12400;0.476;16.31;
2016;04;27;15300;7.000;7.33;
2016;04;27;12300;0.580;20.69;
2016;04;27;15700;9.000;7.97;
2016;04;27;12700;0.495;4.56;
2016;04;27;12700;0.632;4.92;
2016;04;27;12400;0.251;16.31;
2016;04;27;12300;0.261;19.71;
2016;04;27;12300;0.663;19.71;
2016;04;27;15700;2.000;7.97;
2016;04;27;12100;0.044;3.19;
2016;04;27;15600;6.000;10.38;
2016;04;27;12800;0.938;9.51;
2016;04;27;12400;0.715;16.31;
2016;04;27;12400;0.357;17.62;
2016;04;27;15300;7.000;7.77;
2016;04;27;12600;0.619;37.76;
2016;04;27;15100;7.000;6.95;
2016;04;27;15500;2.000;14.93;
2016;04;27;12500;0.956;25.27;
2016;04;27;12400;0.528;16.47;
2016;04;27;12700;0.967;4.92;
2016;04;27;15300;9.000;7.33;
2016;04;27;15600;3.000;9.79;
2016;04;27;12500;0.453;25.27;
2016;04;27;15200;9.000;70.96;
2016;04;27;15100;9.000;7.55;
2016;04;27;15700;10.000;7.58;
2016;04;27;12200;0.115;28.26;
2016;04;27;12300;0.219;19.71;
2016;04;27;15100;10.000;7.55;
2016;04;27;15600;7.000;9.79;
2016;04;27;12800;0.594;9.71;
2016;04;27;15700;10.000;8.53;
2016;04;28;12100;0.886;3.26;
2016;04;28;15800;6.000;5.07;
2016;04;28;15500;8.000;14.03;
2016;04;28;12100;0.518;3.19;
2016;04;28;12200;0.076;26.92;
2016;04;28;15800;4.000;5.43;
2016;04;28;12500;0.988;25.27;
2016;04;28;15300;2.000;7.33;
2016;04;28;12200;0.006;25.03;
2016;04;28;12300;0.202;20.50;
2016;04;28;12600;0.528;37.76;
2016;04;28;12200;0.393;26.38;
2016;04;28;15200;3.000;66.94;
2016;04;28;12500;0.271;25.27;
2016;04;28;15800;7.000;5.02;
2016;04;28;15600;1.000;9.79;
2016;04;28;15600;5.000;9.79;
2016;04;28;12500;0.710;27.04;
2016;04;28;12300;0.417;20.10;
2016;04;28;12100;0.130;3.19;
2016;04;28;12300;0.216;19.91;
2016;04;28;12200;0.285;26.92;
2016;04;28;12600;0.484;39.65;
2016;04;28;15600;5.000;9.40;
2016;04;28;15200;8.000;66.94;
2016;04;28;12800;0.369;9.71;
2016;04;28;15800;4.000;5.07;
2016;04;28;15600;9.000;9.79;
2016;04;28;15800;4.000;5.07;
2016;04;28;15100;8.000;7.55;
2016;04;28;15200;4.000;66.94;
2016;04;28;15200;3.000;66.28;
2016;04;28;12400;0.912;16.31;
2016;04;28;12600;0.657;37.76;
2016;04;28;15200;3.000;66.94;
2016;04;28;15300;3.000;7.33;
2016;04;28;15400;2.000;8.07;
2016;04;28;15100;2.000;7.55;
2016;04;28;15400;1.000;7.43;
2016;04;28;12100;0.882;3.19;
2016;04;29;15100;10.000;7.55;
2016;04;29;12500;0.532;25.27;
2016;04;29;12500;0.063;23.76;
2016;04;29;15100;9.000;7.55;
2016;04;29;12500;0.903;23.25;
2016;04;29;15500;3.000;14.93;
2016;04;29;12600;0.448;37.76;
2016;04;29;12600;0.909;37.76;
2016;04;29;12700;0.116;4.56;
2016;04;29;15500;5.000;15.97;
2016;04;29;12400;0.438;16.31;
2016;04;29;15400;8.000;8.15;
2016;04;29;12700;0.447;4.51;
2016;04;29;15400;8.000;7.99;
2016;04;29;15600;2.000;9.79;
2016;04;29;15500;8.000;13.73;
2016;04;29;15600;10.000;9.79;
2016;04;29;15600;5.000;9.79;
2016;04;29;12100;0.207;3.19;
2016;04;29;12800;0.287;10.39;
2016;04;29;12100;0.639;3.19;
2016;04;29;12100;0.640;3.19;
2016;04;29;15200;9.000;66.94;
2016;04;29;15600;3.000;10.08;
2016;04;29;15500;10.000;15.67;
2016;04;29;12500;0.839;25.27;
2016;04;29;12300;0.323;19.71;
2016;04;29;15200;4.000;68.95;
2016;04;29;15400;9.000;7.99;
2016;04;29;15300;8.000;7.33;
2016;04;29;12800;0.131;9.71;
2016;04;29;12700;0.569;4.69;
2016;04;29;15800;4.000;5.07;
2016;04;29;15800;3.000;5.07;
2016;04;29;15200;1.000;66.94;
2016;04;29;12500;0.261;25.27;
2016;04;29;12800;0.520;10.19;
2016;04;29;15200;9.000;71.63;
2016;04;29;15300;1.000;7.33;
2016;04;29;12700;0.275;4.56;
2016;04;30;15800;9.000;5.07;
2016;04;30;12400;0.820;16.15;
2016;04;30;15200;6.000;68.95;
2016;04;30;15700;8.000;7.34;
2016;04;30;15600;6.000;9.79;
2016;04;30;12600;0.873;37.76;
2016;04;30;12500;0.659;26.54;
2016;04;30;12100;0.562;3.32;
2016;04;30;12500;0.149;25.27;
2016;04;30;12700;0.164;4.56;
2016;04;30;15400;3.000;8.55;
2016;04;30;12500;0.791;26.28;
2016;04;30;12200;0.584;28.53;
2016;04;30;15200;10.000;66.94;
2016;04;30;12600;0.090;37.76;
2016;04;30;15700;3.000;7.97;
2016;04;30;12700;0.836;4.56;
2016;04;30;12200;0.707;26.92;
2016;04;30;12100;0.706;3.19;
2016;04;30;12200;0.189;26.92;
2016;04;30;12400;0.063;16.31;
2016;04;30;12200;0.554;26.92;
2016;04;30;12700;0.160;4.37;
2016;04;30;15800;4.000;5.38;
2016;04;30;12300;0.005;19.71;
2016;04;30;12200;0.000;24.76;
2016;04;30;12700;0.313;4.92;
2016;04;30;12700;0.955;4.56;
2016;04;30;12100;0.502;3.00;
2016;04;30;15600;5.000;9.79;
2016;04;30;12500;0.444;25.53;
2016;04;30;15600;5.000;9.50;
2016;04;30;15400;5.000;7.99;
2016;04;30;12100;0.907;3.19;
2016;04;30;12300;0.174;18.13;
2016;04;30;15500;3.000;14.93;
2016;04;30;15800;3.000;5.07;
2016;04;30;15300;3.000;7.33;
2016;04;30;15800;1.000;5.07;
2016;04;30;15600;6.000;9.10;
